diary on

Ad=Ad.*(abs(imag(Ac)) > 1e-10)+real(Ad)

Ad =

   -1.2782    0.0000    0.0000    0.0000   -0.0000   -0.0000
   -0.0000   -0.9755    0.0000    0.0000   -0.0000   -0.0000
   -0.0000    0.0000   -0.9755    0.0000   -0.0000   -0.0000
   -0.0000   -0.0000   -0.0000    0.2033   -0.0000    0.0000
    0.0000   -0.0000   -0.0000   -0.0000    0.2391    0.0000
    0.0000    0.0000   -0.0000   -0.0000    0.0000    0.2391

diag(Ad)

ans =

   -1.2782
   -0.9755
   -0.9755
    0.2033
    0.2391
    0.2391

Ac

Ac =

  Columns 1 through 5

  -0.0000 - 0.0000i  -0.0000 - 0.0000i   1.0000 - 0.0000i  -0.0000 - 0.0000i  -0.0000 - 0.0000i
   0.0000 + 0.0000i        0 + 0.0000i   0.0000 + 0.0000i   1.0000 + 0.0000i   0.0000 + 0.0000i
   0.0000             0.0000 + 0.0000i   0.0000             0.0000             1.0000          
   0.0000 - 0.0000i   0.0000 - 0.0000i   0.0000 - 0.0000i  -0.0000 + 0.0000i   0.0000 - 0.0000i
  -2.9761 - 0.0000i  -6.2460 - 0.0000i  -2.0514 - 0.0000i  -1.2813 - 0.0000i  -1.3377 - 0.0000i
   1.1061 + 0.0000i   3.3734 + 0.0000i   1.5752 - 0.0000i  -2.6498 + 0.0000i   0.8175 + 0.0000i

  Column 6

  -0.0000 + 0.0000i
   0.0000 + 0.0000i
   0.0000 - 0.0000i
   1.0000 - 0.0000i
  -1.6121 + 0.0000i
  -1.2099 + 0.0000i

eig(Ac)

ans =

  -0.9755 - 1.9265i
   0.2391 - 1.5896i
  -1.2782 - 0.0000i
  -0.9755 + 1.9265i
   0.2391 + 1.5896i
   0.2033 - 0.0000i

eig(A)

ans =

  -0.9755 + 1.9265i
  -0.9755 - 1.9265i
   0.2391 + 1.5896i
   0.2391 - 1.5896i
  -1.2782          
   0.2033          

edit seig
seig(A)

ans =

  -1.2782          
  -0.9755 + 1.9265i
  -0.9755 - 1.9265i
   0.2033          
   0.2391 + 1.5896i
   0.2391 - 1.5896i

seig(Ac)-seig(Ad)

ans =

   0.0000 - 0.0000i
   0.0000 + 1.9265i
  -0.0000 - 1.9265i
   0.0000 - 0.0000i
        0 + 1.5896i
   0.0000 - 1.5896i

seig(A)

ans =

  -1.2782          
  -0.9755 + 1.9265i
  -0.9755 - 1.9265i
   0.2033          
   0.2391 + 1.5896i
   0.2391 - 1.5896i

edit seig
edit seig2
seig(A)

ans =

  -1.2782          
  -0.9755 + 1.9265i
  -0.9755 - 1.9265i
   0.2033          
   0.2391 + 1.5896i
   0.2391 - 1.5896i

seig2(A)
{Error: <a href="matlab: opentoline('/Users/b/asdf/seig2.m',5,5)">File: seig2.m Line: 5 Column: 5</a>
At least one END is missing: the statement may begin here.
} 
seig2(A)
{Error: <a href="matlab: opentoline('/Users/b/asdf/seig2.m',5,5)">File: seig2.m Line: 5 Column: 5</a>
At least one END is missing: the statement may begin here.
} 
seig2(A)

ans =

  -1.2782          
  -0.9755 - 1.9265i
  -0.9755 + 1.9265i
   0.2033          
   0.2391 - 1.5896i
   0.2391 + 1.5896i

seig(A)

ans =

  -1.2782          
  -0.9755 + 1.9265i
  -0.9755 - 1.9265i
   0.2033          
   0.2391 + 1.5896i
   0.2391 - 1.5896i

eig(A)

ans =

  -0.9755 + 1.9265i
  -0.9755 - 1.9265i
   0.2391 + 1.5896i
   0.2391 - 1.5896i
  -1.2782          
   0.2033          

seig2(A)

ans =

  -1.2782          
  -0.9755 - 1.9265i
  -0.9755 + 1.9265i
   0.2033          
   0.2391 - 1.5896i
   0.2391 + 1.5896i

B

B =

   -0.2701   -0.5316
   -0.4381    0.9726
   -0.4087   -0.5223
    0.9835    0.1766
   -0.2977    0.9707
    1.1437   -0.4140

C

C =

   -0.8188   -0.0142   -0.0095   -0.6667    0.1134    0.8840
    0.5197   -1.1555   -0.6898    0.8641    0.3984    0.1803

B*C

ans =

   -0.0552    0.6181    0.3693   -0.2793   -0.2424   -0.3346
    0.8642   -1.1176   -0.6667    1.1326    0.3377   -0.2120
    0.0632    0.6093    0.3641   -0.1788   -0.2544   -0.4554
   -0.7135   -0.2180   -0.1312   -0.5031    0.1819    0.9013
    0.7483   -1.1175   -0.6668    1.0373    0.3529   -0.0882
   -1.1516    0.4622    0.2747   -1.1202   -0.0352    0.9364

C*B

ans =

    0.5527    0.0529
    1.5853   -0.5752

B*C

ans =

   -0.0552    0.6181    0.3693   -0.2793   -0.2424   -0.3346
    0.8642   -1.1176   -0.6667    1.1326    0.3377   -0.2120
    0.0632    0.6093    0.3641   -0.1788   -0.2544   -0.4554
   -0.7135   -0.2180   -0.1312   -0.5031    0.1819    0.9013
    0.7483   -1.1175   -0.6668    1.0373    0.3529   -0.0882
   -1.1516    0.4622    0.2747   -1.1202   -0.0352    0.9364

det( B*C)

ans =

   1.9149e-65

det( C*B)

ans =

   -0.4018

C'*B'

ans =

   -0.0552    0.8642    0.0632   -0.7135    0.7483   -1.1516
    0.6181   -1.1176    0.6093   -0.2180   -1.1175    0.4622
    0.3693   -0.6667    0.3641   -0.1312   -0.6668    0.2747
   -0.2793    1.1326   -0.1788   -0.5031    1.0373   -1.1202
   -0.2424    0.3377   -0.2544    0.1819    0.3529   -0.0352
   -0.3346   -0.2120   -0.4554    0.9013   -0.0882    0.9364

det(ans)

ans =

   1.3302e-64

diary off
clear
!type diary
diary on

Ad=Ad.*(abs(imag(Ac)) > 1e-10)+real(Ad)

Ad =

   -1.2782    0.0000    0.0000    0.0000   -0.0000   -0.0000
   -0.0000   -0.9755    0.0000    0.0000   -0.0000   -0.0000
   -0.0000    0.0000   -0.9755    0.0000   -0.0000   -0.0000
   -0.0000   -0.0000   -0.0000    0.2033   -0.0000    0.0000
    0.0000   -0.0000   -0.0000   -0.0000    0.2391    0.0000
    0.0000    0.0000   -0.0000   -0.0000    0.0000    0.2391

diag(Ad)

ans =

   -1.2782
   -0.9755
   -0.9755
    0.2033
    0.2391
    0.2391

Ac

Ac =

  Columns 1 through 5

  -0.0000 - 0.0000i  -0.0000 - 0.0000i   1.0000 - 0.0000i  -0.0000 - 0.0000i  -0.0000 - 0.0000i
   0.0000 + 0.0000i        0 + 0.0000i   0.0000 + 0.0000i   1.0000 + 0.0000i   0.0000 + 0.0000i
   0.0000             0.0000 + 0.0000i   0.0000             0.0000             1.0000          
   0.0000 - 0.0000i   0.0000 - 0.0000i   0.0000 - 0.0000i  -0.0000 + 0.0000i   0.0000 - 0.0000i
  -2.9761 - 0.0000i  -6.2460 - 0.0000i  -2.0514 - 0.0000i  -1.2813 - 0.0000i  -1.3377 - 0.0000i
   1.1061 + 0.0000i   3.3734 + 0.0000i   1.5752 - 0.0000i  -2.6498 + 0.0000i   0.8175 + 0.0000i

  Column 6

  -0.0000 + 0.0000i
   0.0000 + 0.0000i
   0.0000 - 0.0000i
   1.0000 - 0.0000i
  -1.6121 + 0.0000i
  -1.2099 + 0.0000i

eig(Ac)

ans =

  -0.9755 - 1.9265i
   0.2391 - 1.5896i
  -1.2782 - 0.0000i
  -0.9755 + 1.9265i
   0.2391 + 1.5896i
   0.2033 - 0.0000i

eig(A)

ans =

  -0.9755 + 1.9265i
  -0.9755 - 1.9265i
   0.2391 + 1.5896i
   0.2391 - 1.5896i
  -1.2782          
   0.2033          

edit seig
seig(A)

ans =

  -1.2782          
  -0.9755 + 1.9265i
  -0.9755 - 1.9265i
   0.2033          
   0.2391 + 1.5896i
   0.2391 - 1.5896i

seig(Ac)-seig(Ad)

ans =

   0.0000 - 0.0000i
   0.0000 + 1.9265i
  -0.0000 - 1.9265i
   0.0000 - 0.0000i
        0 + 1.5896i
   0.0000 - 1.5896i

seig(A)

ans =

  -1.2782          
  -0.9755 + 1.9265i
  -0.9755 - 1.9265i
   0.2033          
   0.2391 + 1.5896i
   0.2391 - 1.5896i

edit seig
edit seig2
seig(A)

ans =

  -1.2782          
  -0.9755 + 1.9265i
  -0.9755 - 1.9265i
   0.2033          
   0.2391 + 1.5896i
   0.2391 - 1.5896i

seig2(A)
{Error: <a href="matlab: opentoline('/Users/b/asdf/seig2.m',5,5)">File: seig2.m Line: 5 Column: 5</a>
At least one END is missing: the statement may begin here.
} 
seig2(A)
{Error: <a href="matlab: opentoline('/Users/b/asdf/seig2.m',5,5)">File: seig2.m Line: 5 Column: 5</a>
At least one END is missing: the statement may begin here.
} 
seig2(A)

ans =

  -1.2782          
  -0.9755 - 1.9265i
  -0.9755 + 1.9265i
   0.2033          
   0.2391 - 1.5896i
   0.2391 + 1.5896i

seig(A)

ans =

  -1.2782          
  -0.9755 + 1.9265i
  -0.9755 - 1.9265i
   0.2033          
   0.2391 + 1.5896i
   0.2391 - 1.5896i

eig(A)

ans =

  -0.9755 + 1.9265i
  -0.9755 - 1.9265i
   0.2391 + 1.5896i
   0.2391 - 1.5896i
  -1.2782          
   0.2033          

seig2(A)

ans =

  -1.2782          
  -0.9755 - 1.9265i
  -0.9755 + 1.9265i
   0.2033          
   0.2391 - 1.5896i
   0.2391 + 1.5896i

B

B =

   -0.2701   -0.5316
   -0.4381    0.9726
   -0.4087   -0.5223
    0.9835    0.1766
   -0.2977    0.9707
    1.1437   -0.4140

C

C =

   -0.8188   -0.0142   -0.0095   -0.6667    0.1134    0.8840
    0.5197   -1.1555   -0.6898    0.8641    0.3984    0.1803

B*C

